	YPO0387_gi|16120353:403049-405112	YPO0388_gi|16120353:405109-406425	YPO0389_gi|16120353:406492-406722	YPO0391_gi|16120353:407449-408774	YPO0392_gi|16120353:408824-409546	YPO0393_gi|16120353:409656-410891	YPO0394_gi|16120353:c411522-411235	YPO0396_gi|16120353:412139-413551	YPO0397_gi|16120353:413548-414702	YPO1668_gi|16120353:c1900097-1898862	YPO1670_gi|16120353:c1901470-1900484	YPO1671_gi|16120353:1901648-1902325	YPO2084_gi|16120353:c2366264-2363019	YPO2087_gi|16120353:c2366553-2366293	YPO2088_gi|16120353:c2367497-2366853	YPO2090_gi|16120353:2368098-2368703	YPO2091_gi|16120353:2368704-2369093	YPO2092_gi|16120353:2369097-2369315	YPO2093_gi|16120353:2369364-2369927	YPO2094_gi|16120353:c2370194-2370012	YPO2095_gi|16120353:2370351-2370560	YPO2097_gi|16120353:2370955-2371275	YPO2100_gi|16120353:2372723-2373520	YPO2102_gi|16120353:2374643-2375092	YPO2103_gi|16120353:2375102-2377915	YPO2114_gi|16120353:2383665-2384249	YPO2261_gi|16120353:2541334-2541933	YPO2485_gi|16120353:c2786409-2786212	YPO2486_gi|16120353:c2788452-2786419	YPO3609_gi|16120353:4023133-4024503	YPO3610_gi|16120353:4024505-4024990	y3794_gi|22123922:c4213621-4213154
SRR069129	1	1	1	0.56	0.07	0	1	1	1	0.1	0.05	0.26	1	1	1	1	1	1	1	1	1	1	1	1	1	1	1	1	0.42	1	1	1
SRR069093	1	1	1	0.27	0.07	0.06	1	1	1	1	1	0.61	0	0	0	0	0.35	0	0	0	0	0	0	0	0	0	1	0.88	0.42	1	1	1
SRR069130	1	1	1	0.55	0.07	0.06	1	1	1	1	1	1	1	1	1	1	1	1	1	1	1	1	1	1	1	1	1	1	0.42	1	1	1
SRR069094	1	1	1	0.31	0.07	0	1	1	1	0.1	0.05	0.26	1	1	1	1	1	1	1	1	1	1	1	1	1	1	1	1	0.42	1	1	1
SRR069131	1	1	1	0.58	0.07	0.11	1	1	1	1	1	1	1	1	1	1	1	1	1	1	1	1	1	1	1	1	1	1	0.42	1	1	1
SRR069095	1	1	1	0.34	0.07	0.05	1	1	1	1	1	1	1	1	1	1	1	1	1	1	1	1	1	1	1	1	1	1	0.42	1	1	1
SRR069132	1	1	1	0.29	0.07	0	1	1	1	1	1	0.26	1	1	1	1	1	1	1	1	1	1	1	1	0.97	1	0.57	0.53	0.42	1	0.78	1
SRR069096	1	1	1	0.35	0.07	0	1	1	1	1	1	1	1	1	1	1	1	1	1	1	1	1	1	1	0.97	1	1	1	0.42	1	1	1
SRR069097	1	1	1	0.33	0.07	0	1	1	1	1	1	1	1	1	1	1	1	1	1	1	1	1	1	1	1	1	1	1	0.52	1	1	1
SRR069133	1	1	1	0.33	0.07	0.05	1	1	1	1	1	0.26	1	1	1	1	1	1	1	1	1	1	1	1	1	1	1	0.22	0.54	1	1	1
SRR069098	1	1	1	0.49	0.07	0	1	1	1	1	1	1	1	1	1	1	1	1	1	1	1	1	1	1	1	1	1	1	0.52	1	1	1
SRR069135	1	1	1	0.55	0.07	0	1	1	1	1	1	1	1	1	1	1	1	1	1	1	1	1	1	1	1	1	1	1	0.52	1	1	1
SRR069134	1	1	1	0.59	0.07	0	1	1	1	1	1	1	1	1	1	1	1	1	1	1	1	1	1	1	1	1	1	1	0.4	1	1	1
SRR069099	1	1	1	0.32	0.07	0.05	1	1	1	1	1	0.65	1	1	1	1	1	1	1	1	1	1	1	1	1	1	1	1	0.49	1	1	1
SRR069100	1	1	1	0.58	0.07	0.05	1	1	1	1	1	1	1	1	1	1	1	1	1	1	1	1	1	1	1	1	1	1	0.42	1	1	1
SRR069136	1	1	1	0.58	0.07	0	1	1	1	1	1	1	1	1	1	1	1	0.56	1	1	1	1	1	1	0.97	1	1	1	0.42	1	1	1
SRR069137	1	1	1	0.36	0.07	0.05	1	1	1	1	1	1	1	1	1	1	1	1	1	1	1	1	1	1	1	1	1	1	0.47	1	1	1
SRR069101	1	1	1	0.56	0.07	0.08	1	1	1	1	1	0.72	1	1	1	1	1	1	1	1	1	1	1	1	1	1	1	1	1	1	1	0.69
SRR069138	1	1	1	0.34	0.07	0	1	1	1	1	1	1	1	1	1	1	1	1	1	1	1	1	1	1	1	1	1	1	1	1	1	1
SRR069102	1	1	1	0.56	0.07	0.13	1	1	1	1	1	1	1	1	1	1	1	1	1	1	1	1	1	1	1	1	1	1	0.42	1	1	1
SRR069139	1	1	1	0.56	0.07	0.06	1	1	1	1	1	1	1	1	1	1	1	1	1	1	1	1	1	1	1	1	1	1	0.52	1	1	1
SRR069103	1	1	1	1	1	1	1	1	1	1	1	1	1	1	1	1	1	1	1	1	1	1	1	1	1	1	1	1	0.43	1	1	1
SRR069140	1	1	1	0.47	0.07	0	1	1	1	1	1	1	1	1	1	1	1	1	1	1	1	1	1	1	1	1	1	1	0.59	1	1	1
SRR069104	1	1	1	0.28	0.07	0.04	1	1	1	1	1	0.26	1	1	1	1	1	1	1	1	1	1	1	1	1	1	1	0.83	0.52	1	1	1
SRR069105	1	1	1	0.58	0.07	0.06	1	1	1	1	1	1	1	1	1	1	1	1	1	1	1	1	1	1	1	1	1	1	0.42	1	1	1
SRR069145	1	1	1	0.31	0.07	0	1	1	1	1	1	0.63	1	1	1	1	1	1	1	1	1	1	1	1	1	1	1	1	0.42	1	1	1
SRR069146	1	1	0.7	0.59	0.07	0	1	1	1	1	1	1	1	1	1	1	1	1	1	1	1	1	1	1	1	1	1	1	0.49	1	1	1
SRR069106	1	1	1	0.36	0.07	0	1	1	1	1	1	1	1	1	1	1	1	1	1	1	1	1	1	1	1	1	1	1	0.49	1	1	1
SRR069148	1	1	1	0.58	0.07	0.09	1	1	1	1	1	1	1	1	1	1	1	1	1	1	1	1	1	1	1	1	1	1	0.48	1	1	1
SRR069107	1	1	1	0.58	0.07	0.07	1	1	1	1	1	1	1	1	1	1	1	1	1	1	1	1	1	1	1	1	1	1	0.42	1	1	1
SRR069108	1	1	1	0.57	0.07	0	1	1	1	1	1	1	1	1	1	1	1	1	1	1	1	1	1	1	1	1	1	1	0.42	1	1	1
SRR069149	1	1	1	1	1	1	1	1	1	1	1	1	1	1	1	1	1	1	1	1	1	1	1	1	1	1	1	1	0.62	1	1	1
SRR069151	1	1	1	0.57	0.07	0.11	1	1	1	1	1	1	1	1	1	1	1	1	1	1	1	1	1	1	1	1	1	1	0.5	1	1	1
SRR069109	1	1	1	0.54	0.07	0.08	1	1	1	1	1	1	1	1	1	1	1	1	1	1	1	1	1	1	1	1	1	1	0.52	1	1	1
SRR069110	1	1	1	0.56	0.07	0	1	1	1	1	1	1	1	1	1	1	1	1	1	1	1	1	1	1	1	1	1	1	0.42	1	1	1
SRR069152	1	1	1	0.6	0.07	0	1	1	1	1	1	1	1	1	1	1	1	1	1	1	1	1	1	1	1	1	1	1	0.42	1	1	1
SRR069153	1	1	1	0.32	0.07	0	1	1	1	1	1	0.26	1	1	1	1	1	1	1	1	1	1	1	1	1	1	1	0.58	0.52	1	1	1
SRR069111	1	1	1	0.31	0.07	0	1	1	1	1	1	0.63	1	1	1	1	1	1	1	1	1	1	1	1	1	1	1	1	0.41	1	1	1
SRR069154	1	1	1	1	1	1	1	1	1	1	1	1	1	1	1	1	1	1	1	1	1	1	1	1	1	1	1	1	0.42	1	1	1
SRR069113	1	1	1	0.57	0.07	0.07	1	1	1	1	1	1	1	1	1	1	1	1	1	1	1	1	1	1	1	1	1	1	0.6	1	1	1
SRR069114	1	0.86	1	0.57	0.07	0.07	1	1	1	1	1	1	1	1	1	1	1	1	1	1	1	1	1	1	0.97	1	1	1	0.61	1	1	1
SRR069155	1	1	1	0.58	0.07	0.12	1	1	1	1	1	1	1	1	1	1	1	1	1	1	0.68	0	0	0	0	0	1	1	0.99	1	1	1
SRR069115	1	1	1	0.41	0.07	0.08	1	1	1	1	1	1	1	1	1	1	1	1	1	1	1	1	1	1	1	1	1	1	0.42	1	1	1
SRR069156	1	1	1	0.28	0.07	0	1	1	1	1	1	0.5	1	1	1	1	1	1	1	1	1	1	1	1	1	1	1	1	0.42	1	1	1
SRR069116	1	1	1	0.33	0.07	0.07	1	1	1	1	1	0.62	1	1	1	1	1	1	1	1	1	1	1	1	1	1	1	1	0.61	1	1	1
SRR069157	1	1	1	0.27	0.07	0.05	1	1	1	1	1	0.29	1	1	1	1	1	1	1	1	1	1	1	1	1	1	0.64	0.34	0.54	1	1	1
SRR069158	1	1	1	0.31	0.07	0	1	1	1	1	1	0.45	1	1	1	1	1	1	1	1	1	1	1	1	1	1	1	0.22	0.42	1	1	1
SRR069117	1	1	1	0.31	0.07	0	1	1	1	1	1	1	1	1	1	1	1	0.56	1	1	1	1	1	1	0.97	1	1	1	0.61	1	1	1
SRR069159	1	1	1	0.58	0.07	0	1	1	1	1	1	1	1	1	1	1	1	1	1	1	1	1	1	1	1	1	1	1	0.41	1	1	1
SRR069118	1	1	1	0.57	0.72	0.8	1	1	1	1	1	1	1	1	1	1	1	1	1	1	1	1	1	1	1	1	1	1	0.42	1	1	1
SRR069160	1	1	1	0.6	0.07	0.67	1	1	1	1	1	1	1	1	1	1	1	1	1	1	1	1	1	1	1	1	1	1	0.42	1	1	1
SRR069119	1	1	1	1	1	1	1	1	1	1	1	1	1	1	1	1	1	1	1	1	1	1	1	1	1	1	1	1	0.42	1	1	1
SRR069161	1	1	1	0.58	0.07	0.06	1	1	1	1	1	1	1	1	1	1	1	1	1	1	1	1	1	1	1	1	1	1	0.42	1	1	1
SRR069120	1	1	1	0.57	0.07	0.07	1	1	1	1	1	1	1	1	1	1	1	1	1	1	1	1	1	1	1	1	1	1	0.42	1	1	1
SRR069162	1	1	1	0.57	0.07	0	1	1	1	1	1	1	1	1	1	1	1	1	1	1	1	1	1	1	1	1	1	1	1	1	1	1
SRR069121	1	1	1	0.34	0.07	0	1	1	1	1	1	1	1	1	1	1	1	1	1	1	1	1	1	1	1	1	1	1	1	1	1	1
SRR069163	1	1	1	0.43	0.07	0	1	1	1	1	1	1	1	1	1	1	1	1	1	1	1	1	1	1	0.97	1	1	1	0.6	1	1	1
SRR069122	1	1	1	0.57	0.07	0	1	1	1	1	1	1	1	1	1	1	1	1	1	1	1	1	1	1	1	1	1	1	0.42	1	1	1
SRR069123	1	1	1	1	1	1	1	1	1	1	1	1	1	1	1	1	1	1	1	1	1	1	1	1	1	1	1	1	0.6	1	1	1
SRR069164	1	1	1	0.38	0.07	0.05	1	1	1	1	1	1	1	1	1	1	1	1	1	1	1	1	1	1	0.97	1	1	1	0.48	1	1	1
SRR069165	1	1	1	0.55	0.07	0	1	1	1	1	1	1	1	1	1	1	1	1	1	1	1	1	1	1	1	1	1	1	0.49	1	1	1
SRR069125	1	1	1	0.58	0.07	0.12	1	1	1	1	1	1	1	1	1	1	1	1	1	1	1	1	1	1	1	1	1	1	0.42	1	1	1
SRR069166	1	1	1	0.57	0.07	0.08	1	1	1	1	1	1	1	1	1	1	1	1	1	1	1	1	1	1	1	1	1	1	0.7	1	1	1
SRR069126	1	1	1	0.66	0.07	0.09	1	1	1	1	1	1	1	1	1	1	1	1	1	1	1	1	1	1	1	1	1	1	0.42	1	1	1
SRR069167	1	1	1	0.58	0.07	0.08	1	1	1	1	1	1	1	1	1	1	1	1	1	1	1	1	1	1	1	1	1	1	0.42	1	1	1
SRR069127	1	1	1	1	1	1	1	1	1	1	1	1	1	1	1	1	1	1	1	1	1	1	1	1	1	1	1	1	0.43	1	1	1
SRR069168	1	1	1	0.36	0.07	0	1	1	1	1	1	1	1	1	1	1	1	1	1	1	1	1	1	1	1	1	1	1	0.42	1	1	1
SRR069128	1	1	1	1	0.49	0.99	1	1	1	1	1	1	1	1	1	1	1	1	1	1	1	1	1	1	1	1	1	1	0.48	1	1	1
SRR069141	1	1	1	1	1	1	1	1	1	1	1	1	1	1	1	1	1	1	1	1	1	1	1	1	1	1	1	1	0.54	1	1	1
SRR069169	1	1	1	0.31	0.07	0	1	1	1	1	1	0.26	1	1	1	1	1	1	1	1	1	1	1	1	1	1	1	0.53	0.42	1	1	1
SRR069142	1	1	1	0.32	0.07	0	1	1	1	1	1	1	1	1	1	1	1	1	1	1	1	1	1	1	1	1	1	1	0.42	1	1	1
SRR069170	1	1	1	0.54	0.07	0.04	1	1	1	1	1	1	1	1	1	1	1	1	1	1	1	1	1	1	1	1	1	1	0.6	1	1	1
SRR069143	1	1	1	0.59	0.07	0.16	1	1	1	1	1	1	1	1	1	1	1	1	1	1	1	1	1	1	1	1	1	1	0.42	1	1	1
SRR069171	1	1	1	0.33	0.07	0.07	1	1	1	1	1	0.26	1	1	1	1	1	1	1	1	1	1	1	1	1	1	1	0.69	0.52	1	1	1
SRR069144	1	1	1	0.32	0.07	0	1	1	1	1	1	0.26	1	1	1	1	1	1	1	1	1	1	1	1	1	1	0.48	0.23	0.42	1	0.75	1
YP_Antiqua_B42003004	1	1	1	1	1	1	1	1	1	1	1	1	1	1	1	1	1	1	1	1	1	1	1	1	1	1	1	1	1	1	1	1
YP_Angola	1	1	1	1	0.99	0.99	1	1	1	0.52	1	0.99	1	1	1	1	1	0.99	1	1	1	1	1	1	1	1	1	1	1	0.07	0	1
SRR069172	1	1	1	0.33	0.07	0	1	1	1	1	1	1	1	1	1	1	1	1	1	1	1	1	1	1	1	1	1	1	0.42	1	1	1
YP_Antiqua	1	1	1	1	1	1	1	1	1	1	1	1	0	0	0	0	0.35	0	0	0	0	0	0	0	0	1	1	1	1	1	1	1
SRR069173	1	1	1	0.28	0.07	0	1	1	1	1	1	0.26	1	1	1	1	1	1	1	1	1	1	1	1	1	1	0.49	0	0.59	1	1	1
SRR069174	1	1	1	0.3	0.07	0	1	1	1	1	1	1	1	1	1	1	1	1	1	1	1	1	1	1	1	1	1	1	0.52	1	1	1
SRR069175	1	1	0.7	0.33	0.07	0	1	1	1	1	1	0.26	1	1	1	1	1	1	1	1	1	1	1	1	1	1	1	0.69	0.92	1	1	1
SRR069176	1	1	1	0.58	0.07	0.1	1	1	1	1	1	1	1	1	1	1	1	1	1	1	1	1	1	1	0.97	1	1	1	0.52	1	1	1
SRR069177	1	1	1	0.34	0.07	0	1	1	1	1	1	1	1	1	1	1	1	1	1	1	1	1	1	1	1	1	1	1	0.47	1	1	1
SRR069178	1	1	1	0.57	0.07	0	1	1	1	1	1	1	1	1	1	1	1	1	1	1	1	1	1	1	1	1	1	1	0.42	1	1	1
SRR069180	1	1	1	0.57	0.07	0.07	1	1	1	1	1	1	1	1	1	1	1	1	1	1	1	1	1	1	1	1	1	1	0.48	1	1	1
SRR069181	1	1	1	1	1	1	1	1	1	1	1	1	1	1	1	1	1	1	1	1	1	1	1	1	1	1	1	1	0.42	1	1	1
SRR069182	1	1	1	0.55	0.07	0.41	1	1	1	1	1	1	1	1	1	1	1	1	1	1	1	1	1	1	1	1	1	1	0.52	1	1	1
SRR069183	1	1	1	0.57	0.07	0	1	1	1	1	1	1	1	1	1	1	1	1	1	1	1	1	1	1	1	1	1	1	0.61	1	1	1
SRR069184	1	1	1	0.37	0.07	0.07	1	1	1	1	1	1	1	1	1	1	1	1	1	1	0.68	0	0	0	0	0	1	1	0.99	1	1	1
SRR069185	1	1	1	0.43	0.07	0.1	1	0.98	1	1	1	1	1	1	1	1	1	1	1	1	1	1	1	1	1	1	1	1	0.61	1	1	1
SRR069186	1	1	1	0.56	0.07	0	1	1	1	1	1	1	1	1	1	1	1	1	1	1	1	1	1	1	0.96	1	1	1	0.42	1	1	1
SRR069187	1	1	1	0.99	0.69	1	1	1	1	1	1	1	1	1	1	1	1	1	1	1	0.68	0	0	0	0	0	1	1	0.79	1	1	1
SRR069188	1	1	1	0.33	0.07	0.06	1	1	1	1	1	0.26	1	1	1	1	1	1	1	1	1	1	1	1	0.96	1	1	0.91	0.78	1	1	1
SRR069189	1	1	1	0.56	0.07	0.08	1	1	1	1	1	1	1	1	1	1	1	1	1	1	1	1	1	1	1	1	1	1	0.52	1	1	1
SRR069190	1	1	1	0.38	0.07	0	1	0.99	1	1	1	0.86	1	1	1	1	1	1	1	1	1	1	1	1	1	1	1	1	0.6	1	1	1
SRR069191	1	1	1	0.32	0.07	0	1	1	1	1	1	1	1	1	1	1	1	1	1	1	1	1	1	1	1	1	1	1	0.61	1	1	1
SRR069192	1	1	1	0.31	0.07	0.59	1	0.98	1	1	1	1	1	1	1	1	1	1	1	1	1	1	1	1	1	1	1	1	0.49	1	1	1
SRR069193	1	1	1	1	1	1	1	1	1	1	1	1	1	1	1	1	1	1	1	1	1	1	1	1	1	1	1	1	0.43	1	1	1
SRR069194	1	1	1	0.28	0.07	0	1	1	1	1	1	0.37	1	1	1	1	1	1	1	1	1	1	1	1	1	1	1	0.46	0.42	1	1	1
SRR069195	1	1	1	0.34	0.07	0	1	1	1	1	1	1	1	1	1	1	1	1	1	1	0.68	0	0	0	0	0	1	1	0.81	1	1	1
SRR069196	1	1	1	0.32	0.07	0	1	1	1	1	1	1	1	1	1	1	1	1	1	1	0.68	0	0	0	0	0	1	1	0.99	1	1	1
SRR069197	1	1	1	0.33	0.07	0.06	1	1	1	1	1	0.59	1	1	1	1	1	1	1	1	1	1	1	1	1	1	1	0.88	0.42	1	1	1
SRR069198	1	1	0.7	0.59	0.07	0	1	0.99	1	1	1	1	1	1	1	1	1	1	1	1	0.99	1	1	1	0.97	1	0.99	1	0.42	1	1	1
SRR069199	1	1	1	0.57	0.07	0.06	1	1	1	1	1	1	1	1	1	1	1	1	1	1	1	1	1	1	1	1	1	1	0.42	1	1	1
SRR069200	1	1	1	0.56	0.07	0.08	1	1	1	1	1	1	1	1	1	1	1	1	1	1	1	1	1	1	0.61	1	1	1	0.42	1	1	1
SRR069201	1	1	1	0.33	0.07	0	1	1	1	1	1	1	1	1	1	1	1	1	1	1	1	1	1	1	1	1	1	1	0.42	1	1	1
SRR069202	1	1	1	1	1	1	1	1	1	1	1	1	1	1	1	1	1	1	1	1	1	1	1	1	1	1	1	1	0.43	1	1	1
SRR069203	1	1	1	0.31	0.07	0	1	1	1	1	1	1	1	1	1	1	1	1	1	1	1	1	1	1	1	1	1	1	0.52	1	1	1
SRR069204	1	1	1	0.55	0.07	0	1	1	1	1	1	1	1	1	1	1	1	1	1	1	1	1	1	1	1	1	1	1	0.61	1	1	1
SRR069205	1	1	1	0.34	0.07	0	1	1	1	1	1	1	1	1	1	1	1	1	1	1	1	1	1	1	0.61	1	1	1	0.52	1	1	1
SRR069206	1	1	1	0.43	0.07	0	1	0.98	1	1	1	1	0	0	0	0	0.35	0	0	0	0	0	0	0	0	0	1	0.87	0.49	1	1	1
SRR069207	1	1	1	0.44	0.07	0.53	1	0.98	1	1	1	1	0	0	0	0	0.35	0	0	0	0	0	0	0	0	0	1	0.91	0.5	1	1	1
SRR069208	1	1	1	0.57	0.07	0.06	1	1	1	1	1	1	1	1	1	1	1	1	1	1	1	1	1	1	1	1	1	1	0.42	1	1	1
SRR069209	1	1	0.7	0.33	0.07	0.06	1	1	1	1	1	1	1	1	1	1	1	1	1	1	1	1	1	1	1	1	1	1	0.42	1	1	0.21
SRR069210	1	1	1	0.28	0.07	0.06	1	1	1	1	1	0.26	1	1	1	1	1	1	1	1	1	1	1	1	1	1	1	0	0.78	1	1	1
SRR069212	1	1	1	0.54	0.07	0.07	1	1	1	1	1	1	1	1	1	1	1	1	1	1	1	1	1	1	1	1	1	1	0.59	1	1	1
SRR069213	1	1	0.7	0.32	0.07	0	1	1	1	1	1	0.35	1	1	1	1	1	1	1	1	1	1	1	1	1	1	1	0.4	0.42	1	1	1
SRR069214	1	1	1	1	1	1	1	1	1	1	1	1	1	1	1	1	1	1	1	1	1	1	1	1	1	1	1	1	0.61	1	1	1
SRR069215	1	1	1	0.31	0.07	0.05	1	1	1	1	1	0.26	1	1	1	1	1	1	1	1	1	1	1	1	1	1	1	0	0.59	1	1	1
SRR069216	1	1	1	0.64	1	1	1	1	1	1	1	1	1	1	1	1	1	1	1	1	1	1	1	1	1	1	1	1	0.61	1	1	1
YP_Antiqua_UG05_0454	1	1	1	1	1	1	1	1	1	1	1	1	0	0	0	0	0.35	0	0	0	0	0	0	0	0	1	1	1	1	0.08	0	1
YP_CA88_4125	1	1	1	1	1	1	1	1	1	1	1	1	1	1	1	1	1	1	1	1	1	1	1	1	1	1	1	1	1	1	1	1
YP_CO92	1	1	1	1	1	1	1	1	1	1	1	1	1	1	1	1	1	1	1	1	1	1	1	1	1	1	1	1	1	1	1	1
YP_Kim10	1	1	1	1	1	1	1	1	1	1	1	1	1	1	1	1	1	1	1	1	1	1	1	1	1	1	1	1	1	1	1	1
YP_Microtus_str_91001	1	1	1	0.99	0.99	1	1	1	1	1	1	1	1	1	1	1	1	1	1	1	0.68	0	0	0	0	0	1	1	0.99	1	1	1
YP_Nepal516	1	1	1	1	1	1	1	1	1	1	1	1	1	1	1	1	1	1	1	1	1	1	1	1	1	1	1	1	1	1	1	1
YP_Orientalis_F1991016	1	1	1	1	1	1	1	1	1	1	1	1	1	1	1	1	1	1	1	1	1	1	1	1	1	1	1	1	0.99	1	1	1
YP_Orientalis_IP275	1	1	1	1	1	1	1	1	1	1	1	1	1	1	1	1	1	1	1	1	1	1	1	1	1	1	1	1	1	0.9	1	1
YP_Orientalis_MG05_1020	1	1	1	1	1	1	1	1	1	1	1	1	1	1	1	1	1	1	1	1	1	1	1	1	1	1	1	1	1	1	1	1
YP_Pestoides_F	1	1	1	1	0.99	1	1	1	1	1	1	1	1	1	1	1	1	1	1	1	0.99	1	1	1	0.97	1	0.99	1	1	1	1	1
YP_india_195	1	1	1	1	1	1	1	1	1	1	1	1	1	1	1	1	1	1	1	1	1	1	1	1	1	1	1	1	1	1	1	1
YP_pestoides_A	1	1	1	0.99	0.99	1	1	1	0.5	1	1	1	1	1	1	1	1	1	1	1	0.69	0	0	0	0	0	1	1	0.99	1	1	1
